ZZD
XXCopri-1	1	1
Statistiques sommaires des variables continues
Libellé de la variable	Effectif	Poids	Moyenne	Ecart-type	Minimum	Maximum
Energ_Kcal	     189	        0.189000E+03	        0.118942E+03	        0.125201E+03	        0.110000E+02	        0.718000E+03
Protein_.g.	     189	        0.189000E+03	        0.942138E+01	        0.900767E+01	        0.260000E+00	        0.261200E+02
Lipid_Tot_.g.	     189	        0.189000E+03	        0.501672E+01	        0.118917E+02	        0.300000E-01	        0.811100E+02
Ash_.g.	     189	        0.189000E+03	        0.116492E+01	        0.928003E+00	        0.120000E+00	        0.720000E+01
Carbohydrt_.g.	     189	        0.189000E+03	        0.983016E+01	        0.156688E+02	        0.000000E+00	        0.777200E+02
Fiber_TD_.g.	     189	        0.189000E+03	        0.223757E+01	        0.361076E+01	        0.000000E+00	        0.250000E+02
Sugar_Tot_.g.	     189	        0.189000E+03	        0.270862E+01	        0.366434E+01	        0.000000E+00	        0.162600E+02
Calcium_.mg.	     189	        0.189000E+03	        0.482328E+02	        0.859549E+02	        0.100000E+01	        0.674000E+03
Iron_.mg.	     189	        0.189000E+03	        0.116190E+01	        0.155129E+01	        0.000000E+00	        0.104400E+02
Magnesium_.mg.	     189	        0.189000E+03	        0.323386E+02	        0.386916E+02	        0.100000E+01	        0.235000E+03
Phosphorus_.mg.	     189	        0.189000E+03	        0.130857E+03	        0.120079E+03	        0.500000E+01	        0.734000E+03
Potassium_.mg.	     189	        0.189000E+03	        0.309312E+03	        0.232048E+03	        0.240000E+02	        0.179500E+04
Sodium_.mg.	     189	        0.189000E+03	        0.836931E+02	        0.173664E+03	        0.000000E+00	        0.114600E+04
Zinc_.mg.	     189	        0.189000E+03	        0.108730E+01	        0.132018E+01	        0.200000E-01	        0.626000E+01
Copper_mg.	     189	        0.189000E+03	        0.159899E+00	        0.249067E+00	        0.000000E+00	        0.189100E+01
Manganese_.mg.	     189	        0.189000E+03	        0.306471E+00	        0.640785E+00	        0.000000E+00	        0.563000E+01
Selenium_.µg.	     189	        0.189000E+03	        0.115693E+02	        0.159279E+02	        0.000000E+00	        0.906000E+02
Vit_C_.mg.	     189	        0.189000E+03	        0.122222E+02	        0.189114E+02	        0.000000E+00	        0.927000E+02
Thiamin_.mg.	     189	        0.189000E+03	        0.130233E+00	        0.200430E+00	        0.500000E-02	        0.117000E+01
Riboflavin_.mg.	     189	        0.189000E+03	        0.131804E+00	        0.125311E+00	        0.100000E-01	        0.844000E+00
Niacin_.mg.	     189	        0.189000E+03	        0.233708E+01	        0.286230E+01	        0.220000E-01	        0.184750E+02
Panto_Acid_mg.	     189	        0.189000E+03	        0.536138E+00	        0.471512E+00	        0.460000E-01	        0.300000E+01
Vit_B6_.mg.	     189	        0.189000E+03	        0.209206E+00	        0.195673E+00	        0.200000E-02	        0.123500E+01
Folate_Tot_.µg.	     189	        0.189000E+03	        0.449683E+02	        0.955708E+02	        0.000000E+00	        0.633000E+03
Food_Folate_.µg.	     189	        0.189000E+03	        0.449683E+02	        0.955708E+02	        0.000000E+00	        0.633000E+03
Folate_DFE_.µg.	     189	        0.189000E+03	        0.449683E+02	        0.955708E+02	        0.000000E+00	        0.633000E+03
Choline_Tot_..mg.	     189	        0.189000E+03	        0.356434E+02	        0.297053E+02	        0.000000E+00	        0.999000E+02
Vit_B12_.µg.	     189	        0.189000E+03	        0.105280E+01	        0.249783E+01	        0.000000E+00	        0.200000E+02
Vit_A_IU	     189	        0.189000E+03	        0.803079E+03	        0.267059E+04	        0.000000E+00	        0.275210E+05
Retinol_.µg.	     189	        0.189000E+03	        0.291058E+02	        0.116793E+03	        0.000000E+00	        0.104300E+04
Alpha_Carot_.µg.	     189	        0.189000E+03	        0.987831E+01	        0.545827E+02	        0.000000E+00	        0.629000E+03
Beta_Carot_.µg.	     189	        0.189000E+03	        0.412773E+03	        0.157666E+04	        0.000000E+00	        0.161940E+05
Beta_Crypt_.µg.	     189	        0.189000E+03	        0.120106E+02	        0.455328E+02	        0.000000E+00	        0.407000E+03
Lycopene_.µg.	     189	        0.189000E+03	        0.899471E-01	        0.103758E+01	        0.000000E+00	        0.140000E+02
Lut.Zea_..µg.	     189	        0.189000E+03	        0.446233E+03	        0.180771E+04	        0.000000E+00	        0.136100E+05
Vit_E_.mg.	     189	        0.189000E+03	        0.672592E+00	        0.110658E+01	        0.000000E+00	        0.893000E+01
Vit_D_IU	     189	        0.189000E+03	        0.462540E+02	        0.159009E+03	        0.000000E+00	        0.112300E+04
Vit_K_.µg.	     189	        0.189000E+03	        0.294222E+02	        0.103504E+03	        0.000000E+00	        0.830000E+03
FA_Mono_.g.	     189	        0.189000E+03	        0.179743E+01	        0.432862E+01	        0.000000E+00	        0.280410E+02
FA_Poly_.g.	     189	        0.189000E+03	        0.686894E+00	        0.171875E+01	        0.300000E-02	        0.155580E+02
Cholestrl_.mg.	     189	        0.189000E+03	        0.291587E+02	        0.430069E+02	        0.000000E+00	        0.233000E+03
	
Water_.g.	     189	        0.189000E+03	        0.746310E+02	        0.216345E+02	        0.650000E+01	        0.967300E+02
FA_Sat_.g.	     189	        0.189000E+03	        0.199727E+01	        0.605261E+01	        0.600000E-02	        0.513680E+02
XXCopri-2	1	1
Matrice des corrélations
	Energ_Kcal	Protein_.g.	Lipid_Tot_.g.	Ash_.g.	Carbohydrt_.g.	Fiber_TD_.g.	Sugar_Tot_.g.	Calcium_.mg.	Iron_.mg.	Magnesium_.mg.	Phosphorus_.mg.	Potassium_.mg.	Sodium_.mg.	Zinc_.mg.	Copper_mg.	Manganese_.mg.	Selenium_.µg.	Vit_C_.mg.	Thiamin_.mg.	Riboflavin_.mg.	Niacin_.mg.	Panto_Acid_mg.	Vit_B6_.mg.	Folate_Tot_.µg.	Food_Folate_.µg.	Folate_DFE_.µg.	Choline_Tot_..mg.	Vit_B12_.µg.	Vit_A_IU	Retinol_.µg.	Alpha_Carot_.µg.	Beta_Carot_.µg.	Beta_Crypt_.µg.	Lycopene_.µg.	Lut.Zea_..µg.	Vit_E_.mg.	Vit_D_IU	Vit_K_.µg.	FA_Mono_.g.	FA_Poly_.g.	Cholestrl_.mg.
Energ_Kcal	        0.100000E+01
Protein_.g.	        0.485729E+00	        0.100000E+01
Lipid_Tot_.g.	        0.834718E+00	        0.222981E+00	        0.100000E+01
Ash_.g.	        0.439542E+00	        0.445739E+00	        0.218169E+00	        0.100000E+01
Carbohydrt_.g.	        0.306010E+00	       -0.258892E-01	       -0.167258E+00	        0.277626E+00	        0.100000E+01
Fiber_TD_.g.	        0.234505E+00	       -0.159622E-01	       -0.136913E+00	        0.316592E+00	        0.813151E+00	        0.100000E+01
Sugar_Tot_.g.	       -0.226700E+00	       -0.515916E+00	       -0.234370E+00	       -0.281075E+00	        0.286637E+00	        0.235150E+00	        0.100000E+01
Calcium_.mg.	        0.231310E+00	        0.148937E+00	        0.185077E+00	        0.644188E+00	        0.761782E-01	        0.151575E+00	       -0.784817E-01	        0.100000E+01
Iron_.mg.	        0.372922E+00	        0.442821E+00	       -0.111156E-01	        0.530705E+00	        0.562117E+00	        0.637110E+00	       -0.131537E+00	        0.180273E+00	        0.100000E+01
Magnesium_.mg.	        0.377629E+00	        0.351725E+00	       -0.333936E-01	        0.581495E+00	        0.703026E+00	        0.726022E+00	       -0.783367E-01	        0.221726E+00	        0.770875E+00	        0.100000E+01
Phosphorus_.mg.	        0.513394E+00	        0.837740E+00	        0.176476E+00	        0.599613E+00	        0.273346E+00	        0.229580E+00	       -0.428087E+00	        0.306627E+00	        0.499167E+00	        0.592305E+00	        0.100000E+01
Potassium_.mg.	        0.299455E+00	        0.344690E+00	       -0.878841E-01	        0.460114E+00	        0.583289E+00	        0.676970E+00	       -0.889366E-01	        0.125582E+00	        0.747109E+00	        0.713943E+00	        0.431338E+00	        0.100000E+01
Sodium_.mg.	        0.336903E+00	        0.247617E+00	        0.419402E+00	        0.663839E+00	       -0.210254E+00	       -0.243648E+00	       -0.268802E+00	        0.572328E+00	       -0.403853E-01	       -0.287116E-01	        0.310152E+00	       -0.202093E+00	        0.100000E+01
Zinc_.mg.	        0.496473E+00	        0.716141E+00	        0.218341E+00	        0.383858E+00	        0.205781E+00	        0.156100E+00	       -0.339976E+00	        0.171502E+00	        0.512596E+00	        0.398661E+00	        0.631932E+00	        0.340760E+00	        0.150683E+00	        0.100000E+01
Copper_mg.	        0.270826E+00	        0.278833E+00	       -0.303618E-01	        0.391862E+00	        0.469248E+00	        0.501202E+00	       -0.537607E-01	        0.117338E+00	        0.626334E+00	        0.610751E+00	        0.343084E+00	        0.537674E+00	       -0.308504E-01	        0.351743E+00	        0.100000E+01
Manganese_.mg.	        0.218379E+00	        0.704093E-01	       -0.586840E-01	        0.365505E+00	        0.632124E+00	        0.599949E+00	        0.109511E-01	        0.188531E+00	        0.561531E+00	        0.712682E+00	        0.388220E+00	        0.389910E+00	       -0.664579E-01	        0.207190E+00	        0.384693E+00	        0.100000E+01
Selenium_.µg.	        0.189800E+00	        0.701062E+00	        0.738257E-01	        0.211169E+00	       -0.185667E+00	       -0.233092E+00	       -0.470620E+00	       -0.353994E-01	        0.134775E+00	        0.121272E+00	        0.576030E+00	        0.442833E-01	        0.222994E+00	        0.322672E+00	        0.166391E+00	        0.360741E-01	        0.100000E+01
Vit_C_.mg.	       -0.350386E+00	       -0.501425E+00	       -0.239483E+00	       -0.228030E+00	        0.270245E-01	        0.976810E-01	        0.313382E+00	       -0.163947E-01	       -0.141252E+00	       -0.137731E+00	       -0.445700E+00	       -0.630950E-01	       -0.233957E+00	       -0.361523E+00	       -0.130088E+00	       -0.396952E-02	       -0.406276E+00	        0.100000E+01
Thiamin_.mg.	        0.379816E+00	        0.419991E+00	        0.553600E-01	        0.345859E+00	        0.493835E+00	        0.483154E+00	       -0.111642E+00	        0.336769E-01	        0.597298E+00	        0.603827E+00	        0.547532E+00	        0.576110E+00	       -0.117213E+00	        0.389019E+00	        0.388588E+00	        0.503172E+00	        0.176640E+00	       -0.149537E+00	        0.100000E+01
Riboflavin_.mg.	        0.328641E+00	        0.530103E+00	        0.217144E+00	        0.510310E+00	       -0.252645E-01	        0.245764E-01	       -0.312520E+00	        0.453507E+00	        0.299774E+00	        0.220237E+00	        0.498432E+00	        0.174142E+00	        0.366102E+00	        0.552005E+00	        0.225206E+00	        0.117690E+00	        0.229112E+00	       -0.255165E+00	        0.329629E+00	        0.100000E+01
Niacin_.mg.	        0.317239E+00	        0.684862E+00	        0.186297E+00	        0.846291E-01	       -0.118755E+00	       -0.141198E+00	       -0.392862E+00	       -0.181245E+00	        0.143944E+00	        0.155698E+00	        0.486691E+00	        0.137295E+00	       -0.568135E-01	        0.508079E+00	        0.750603E-01	       -0.279644E-01	        0.548573E+00	       -0.372715E+00	        0.256445E+00	        0.395227E+00	        0.100000E+01
Panto_Acid_mg.	        0.381717E+00	        0.553700E+00	        0.168565E+00	        0.437790E+00	        0.172080E+00	        0.170234E+00	       -0.313716E+00	        0.145387E+00	        0.393897E+00	        0.396469E+00	        0.575523E+00	        0.346346E+00	        0.185320E+00	        0.455183E+00	        0.352480E+00	        0.222928E+00	        0.281889E+00	       -0.289727E+00	        0.475108E+00	        0.484871E+00	        0.420245E+00	        0.100000E+01
Vit_B6_.mg.	        0.250030E+00	        0.615358E+00	        0.164012E-01	        0.223650E+00	        0.924738E-01	        0.232775E-01	       -0.346745E+00	        0.311264E-01	        0.285913E+00	        0.217804E+00	        0.487926E+00	        0.327513E+00	       -0.289405E-01	        0.483324E+00	        0.115350E+00	        0.102901E+00	        0.451477E+00	       -0.235900E+00	        0.366592E+00	        0.401437E+00	        0.670190E+00	        0.384121E+00	        0.100000E+01
Folate_Tot_.µg.	        0.312815E+00	        0.217405E+00	       -0.500938E-01	        0.541914E+00	        0.624495E+00	        0.731017E+00	        0.657223E-01	        0.231798E+00	        0.757090E+00	        0.719209E+00	        0.333664E+00	        0.762682E+00	       -0.481350E-01	        0.280812E+00	        0.553454E+00	        0.418177E+00	       -0.158818E+00	        0.327998E-02	        0.543224E+00	        0.170118E+00	       -0.421023E-01	        0.357476E+00	        0.102972E+00	        0.100000E+01
Food_Folate_.µg.	        0.312815E+00	        0.217405E+00	       -0.500938E-01	        0.541914E+00	        0.624495E+00	        0.731017E+00	        0.657223E-01	        0.231798E+00	        0.757090E+00	        0.719209E+00	        0.333664E+00	        0.762682E+00	       -0.481350E-01	        0.280812E+00	        0.553454E+00	        0.418177E+00	       -0.158818E+00	        0.327998E-02	        0.543224E+00	        0.170118E+00	       -0.421023E-01	        0.357476E+00	        0.102972E+00	        0.100000E+01	        0.100000E+01
Folate_DFE_.µg.	        0.312815E+00	        0.217405E+00	       -0.500938E-01	        0.541914E+00	        0.624495E+00	        0.731017E+00	        0.657223E-01	        0.231798E+00	        0.757090E+00	        0.719209E+00	        0.333664E+00	        0.762682E+00	       -0.481350E-01	        0.280812E+00	        0.553454E+00	        0.418177E+00	       -0.158818E+00	        0.327998E-02	        0.543224E+00	        0.170118E+00	       -0.421023E-01	        0.357476E+00	        0.102972E+00	        0.100000E+01	        0.100000E+01	        0.100000E+01
Choline_Tot_..mg.	        0.349341E+00	        0.874146E+00	        0.104576E+00	        0.292740E+00	       -0.387725E-01	       -0.142245E-01	       -0.523666E+00	       -0.105432E+00	        0.409277E+00	        0.292308E+00	        0.702250E+00	        0.350941E+00	        0.992887E-01	        0.606964E+00	        0.279571E+00	        0.222621E-01	        0.643957E+00	       -0.420918E+00	        0.389894E+00	        0.375578E+00	        0.662327E+00	        0.508759E+00	        0.549032E+00	        0.224062E+00	        0.224062E+00	        0.224062E+00	        0.100000E+01
Vit_B12_.µg.	        0.832970E-01	        0.419640E+00	        0.635710E-01	        0.123709E+00	       -0.233416E+00	       -0.261170E+00	       -0.303406E+00	       -0.197142E-01	        0.190592E+00	       -0.656302E-02	        0.293399E+00	       -0.417070E-01	        0.222651E+00	        0.171620E+00	        0.349416E-01	       -0.562437E-02	        0.518374E+00	       -0.239595E+00	       -0.391483E-01	        0.163807E+00	        0.265471E+00	        0.128644E+00	        0.192287E+00	       -0.140904E+00	       -0.140904E+00	       -0.140904E+00	        0.422602E+00	        0.100000E+01
Vit_A_IU	       -0.777678E-01	       -0.168940E+00	       -0.126289E-01	        0.734862E-01	       -0.194488E-01	        0.131294E+00	        0.160355E-01	        0.307285E+00	        0.655361E-01	        0.918053E-01	       -0.145111E+00	        0.153041E-01	       -0.352879E-02	       -0.130706E+00	        0.219340E-01	        0.227328E+00	       -0.169563E+00	        0.117870E+00	       -0.752838E-01	        0.105728E+00	       -0.113614E+00	       -0.105815E+00	       -0.203832E-01	        0.545292E-01	        0.545292E-01	        0.545292E-01	       -0.173646E+00	       -0.833093E-01	        0.100000E+01
Retinol_.µg.	        0.412845E+00	        0.138935E+00	        0.509362E+00	        0.192811E+00	       -0.140591E+00	       -0.154433E+00	       -0.164769E+00	        0.168676E+00	       -0.928344E-01	       -0.701250E-01	        0.133111E+00	       -0.129770E+00	        0.376182E+00	       -0.952125E-03	       -0.109648E+00	       -0.971203E-01	        0.581501E-01	       -0.152821E+00	       -0.434540E-01	        0.796131E-01	        0.509727E-01	        0.652063E-02	       -0.462615E-01	       -0.785037E-01	       -0.785037E-01	       -0.785037E-01	        0.581236E-01	        0.190808E+00	        0.865482E-01	        0.100000E+01
Alpha_Carot_.µg.	       -0.777346E-01	       -0.123880E+00	       -0.540216E-01	        0.210973E-01	        0.300977E-01	        0.187534E+00	        0.108469E+00	        0.281173E+00	        0.785529E-01	        0.930253E-01	       -0.106697E+00	       -0.182280E-01	       -0.584549E-01	       -0.885653E-01	        0.420255E-01	        0.233880E+00	       -0.123931E+00	        0.111497E+00	       -0.430736E-01	        0.109573E+00	       -0.663124E-01	       -0.103164E+00	        0.247880E-01	        0.613364E-02	        0.613364E-02	        0.613364E-02	       -0.113840E+00	       -0.762776E-01	        0.749167E+00	       -0.445447E-01	        0.100000E+01
Beta_Carot_.µg.	       -0.136767E+00	       -0.186647E+00	       -0.858828E-01	        0.481257E-01	        0.310715E-04	        0.152888E+00	        0.338159E-01	        0.283230E+00	        0.802335E-01	        0.103476E+00	       -0.162013E+00	        0.360277E-01	       -0.562177E-01	       -0.128552E+00	        0.388805E-01	        0.242266E+00	       -0.176078E+00	        0.137289E+00	       -0.683086E-01	        0.958404E-01	       -0.119586E+00	       -0.104469E+00	       -0.118994E-01	        0.675565E-01	        0.675565E-01	        0.675565E-01	       -0.179972E+00	       -0.109992E+00	        0.989281E+00	       -0.583989E-01	        0.747033E+00	        0.100000E+01
Beta_Crypt_.µg.	       -0.137535E+00	       -0.237601E+00	       -0.888347E-01	       -0.146344E+00	        0.234812E-01	        0.248602E-03	        0.344074E+00	       -0.244929E-01	       -0.962480E-01	       -0.107478E+00	       -0.223568E+00	       -0.786603E-01	       -0.107849E+00	       -0.179685E+00	       -0.847028E-01	       -0.678496E-01	       -0.187003E+00	        0.220744E+00	       -0.829719E-01	       -0.134499E+00	       -0.160480E+00	       -0.142941E+00	       -0.168561E+00	       -0.535300E-01	       -0.535300E-01	       -0.535300E-01	       -0.224794E+00	       -0.111130E+00	        0.860615E-01	       -0.616717E-01	        0.251383E+00	        0.778140E-01	        0.100000E+01
Lycopene_.µg.	       -0.539264E-01	       -0.807187E-01	       -0.351222E-01	       -0.482663E-01	       -0.485801E-03	       -0.146683E-02	        0.798422E-01	       -0.109729E-01	       -0.431029E-01	       -0.315989E-01	       -0.611767E-01	       -0.106429E-01	       -0.367569E-01	       -0.573763E-01	       -0.396640E-01	       -0.253623E-01	       -0.592535E-01	        0.677949E-01	       -0.221336E-01	       -0.637537E-01	       -0.497475E-01	       -0.679541E-01	       -0.468965E-01	       -0.182194E-01	       -0.182194E-01	       -0.182194E-01	       -0.662180E-01	       -0.365386E-01	       -0.198171E-01	       -0.216038E-01	       -0.131665E-01	       -0.164404E-01	       -0.179391E-01	        0.100000E+01
Lut.Zea_..µg.	       -0.165300E+00	       -0.186664E+00	       -0.912270E-01	        0.612080E-01	       -0.529314E-01	        0.489772E-01	       -0.799990E-01	        0.172014E+00	        0.827907E-01	        0.873275E-01	       -0.153430E+00	        0.772027E-01	       -0.250726E-01	       -0.122352E+00	       -0.328669E-02	        0.749288E-01	       -0.163972E+00	        0.238640E+00	       -0.395650E-01	        0.423416E-01	       -0.137549E+00	       -0.107969E+00	       -0.610262E-01	        0.767590E-01	        0.767590E-01	        0.767590E-01	       -0.136073E+00	       -0.103964E+00	        0.488951E+00	       -0.611439E-01	        0.325697E+00	        0.499168E+00	        0.789565E-01	       -0.204542E-01	        0.100000E+01
Vit_E_.mg.	        0.150642E+00	        0.344417E-01	        0.203111E+00	        0.125358E+00	       -0.384493E-01	        0.437645E-01	       -0.405381E-01	        0.418917E-01	        0.934226E-01	        0.168890E+00	        0.719565E-01	        0.923466E-01	        0.378272E-01	       -0.531455E-01	        0.181531E+00	        0.137565E+00	        0.340355E-01	        0.523610E-01	        0.643565E-01	       -0.282143E-01	        0.104557E+00	        0.186485E+00	        0.532814E-02	        0.764424E-01	        0.764424E-01	        0.764424E-01	        0.324549E-01	        0.351786E-01	        0.218701E+00	        0.202001E+00	        0.159528E+00	        0.187166E+00	        0.165032E+00	       -0.208941E-01	        0.249844E+00	        0.100000E+01
Vit_D_IU	        0.417969E-01	        0.230289E+00	        0.506206E-01	        0.104623E-01	       -0.164480E+00	       -0.151640E+00	       -0.190181E+00	       -0.836472E-01	       -0.908940E-01	       -0.225598E-01	        0.236571E+00	       -0.523349E-02	       -0.257491E-01	       -0.432370E-01	       -0.927460E-01	       -0.116568E+00	        0.217089E+00	       -0.177346E+00	        0.396837E-01	        0.402241E-01	        0.295908E+00	        0.838903E-01	        0.115076E+00	       -0.981239E-01	       -0.981239E-01	       -0.981239E-01	        0.269571E+00	        0.203840E+00	       -0.286936E-01	        0.330167E+00	       -0.526446E-01	       -0.760525E-01	       -0.767257E-01	       -0.252170E-01	       -0.717941E-01	        0.126043E+00	        0.100000E+01
Vit_K_.µg.	       -0.180631E+00	       -0.204650E+00	       -0.969185E-01	        0.711829E-01	       -0.635264E-01	        0.563161E-01	       -0.993985E-01	        0.183618E+00	        0.877914E-01	        0.796492E-01	       -0.175889E+00	        0.754545E-01	       -0.218805E-01	       -0.132619E+00	       -0.105833E-01	        0.722613E-01	       -0.181645E+00	        0.282729E+00	       -0.511378E-01	        0.306431E-01	       -0.154853E+00	       -0.112240E+00	       -0.775103E-01	        0.838659E-01	        0.838659E-01	        0.838659E-01	       -0.149432E+00	       -0.115677E+00	        0.511272E+00	       -0.660601E-01	        0.339782E+00	        0.521756E+00	        0.119613E+00	       -0.238147E-01	        0.893256E+00	        0.261403E+00	       -0.812194E-01	        0.100000E+01
FA_Mono_.g.	        0.798276E+00	        0.251807E+00	        0.953541E+00	        0.155858E+00	       -0.175382E+00	       -0.117626E+00	       -0.239746E+00	        0.104331E+00	        0.154091E-01	       -0.905031E-02	        0.180277E+00	       -0.456539E-01	        0.281750E+00	        0.252183E+00	        0.470250E-02	       -0.478831E-01	        0.832321E-01	       -0.243313E+00	        0.861676E-01	        0.188101E+00	        0.261108E+00	        0.214404E+00	        0.422787E-01	       -0.418597E-01	       -0.418597E-01	       -0.418597E-01	        0.136887E+00	        0.710712E-01	       -0.412693E-01	        0.401177E+00	       -0.614815E-01	       -0.989325E-01	       -0.853876E-01	       -0.350901E-01	       -0.954194E-01	        0.254188E+00	        0.742687E-01	       -0.101610E+00	        0.100000E+01
FA_Poly_.g.	        0.648666E+00	        0.249161E+00	        0.719406E+00	        0.945926E-01	       -0.461623E-01	        0.239685E-01	       -0.162577E+00	        0.201063E-03	        0.115442E+00	        0.182196E+00	        0.235680E+00	        0.798780E-01	        0.457234E-01	        0.156695E+00	        0.158640E+00	        0.136054E+00	        0.108911E+00	       -0.192454E+00	        0.214910E+00	        0.881571E-01	        0.317593E+00	        0.265822E+00	        0.937957E-01	        0.565393E-01	        0.565393E-01	        0.565393E-01	        0.156688E+00	        0.804698E-01	       -0.319538E-01	        0.144691E+00	       -0.176791E-01	       -0.524146E-01	       -0.804201E-01	       -0.303581E-01	       -0.675969E-01	        0.369113E+00	        0.118904E+00	       -0.776879E-01	        0.838772E+00	        0.100000E+01
Cholestrl_.mg.	        0.518296E+00	        0.584931E+00	        0.601199E+00	        0.213868E+00	       -0.394063E+00	       -0.420153E+00	       -0.479086E+00	        0.652499E-01	       -0.644424E-01	       -0.144457E+00	        0.404829E+00	       -0.164748E+00	        0.479835E+00	        0.390655E+00	        0.111706E+00	       -0.252845E+00	        0.537940E+00	       -0.413539E+00	       -0.207420E-01	        0.344886E+00	        0.384785E+00	        0.242165E+00	        0.220838E+00	       -0.229864E+00	       -0.229864E+00	       -0.229864E+00	        0.555159E+00	        0.313186E+00	       -0.102395E+00	        0.486097E+00	       -0.122197E+00	       -0.171322E+00	       -0.174911E+00	       -0.587756E-01	       -0.166428E+00	        0.849275E-01	        0.192882E+00	       -0.179799E+00	        0.518863E+00	        0.269253E+00	        0.100000E+01
XXCopri-3	1	1
Matrice des valeurs-tests
	Energ_Kcal	Protein_.g.	Lipid_Tot_.g.	Ash_.g.	Carbohydrt_.g.	Fiber_TD_.g.	Sugar_Tot_.g.	Calcium_.mg.	Iron_.mg.	Magnesium_.mg.	Phosphorus_.mg.	Potassium_.mg.	Sodium_.mg.	Zinc_.mg.	Copper_mg.	Manganese_.mg.	Selenium_.µg.	Vit_C_.mg.	Thiamin_.mg.	Riboflavin_.mg.	Niacin_.mg.	Panto_Acid_mg.	Vit_B6_.mg.	Folate_Tot_.µg.	Food_Folate_.µg.	Folate_DFE_.µg.	Choline_Tot_..mg.	Vit_B12_.µg.	Vit_A_IU	Retinol_.µg.	Alpha_Carot_.µg.	Beta_Carot_.µg.	Beta_Crypt_.µg.	Lycopene_.µg.	Lut.Zea_..µg.	Vit_E_.mg.	Vit_D_IU	Vit_K_.µg.	FA_Mono_.g.	FA_Poly_.g.	Cholestrl_.mg.
Energ_Kcal	        0.999900E+02
Protein_.g.	        0.729255E+01	        0.999900E+02
Lipid_Tot_.g.	        0.165453E+02	        0.311786E+01	        0.999900E+02
Ash_.g.	        0.648430E+01	        0.659025E+01	        0.304833E+01	        0.999900E+02
Carbohydrt_.g.	        0.434617E+01	       -0.355997E+00	       -0.232122E+01	        0.391958E+01	        0.999900E+02
Fiber_TD_.g.	        0.328503E+01	       -0.219463E+00	       -0.189413E+01	        0.450726E+01	        0.156210E+02	        0.999900E+02
Sugar_Tot_.g.	       -0.317171E+01	       -0.784663E+01	       -0.328307E+01	       -0.397101E+01	        0.405419E+01	        0.329442E+01	        0.999900E+02
Calcium_.mg.	        0.323860E+01	        0.206289E+01	        0.257405E+01	        0.105211E+02	        0.104931E+01	        0.209999E+01	       -0.108117E+01	        0.999900E+02
Iron_.mg.	        0.538654E+01	        0.654027E+01	       -0.152820E+00	        0.812665E+01	        0.874248E+01	        0.103561E+02	       -0.181887E+01	        0.250573E+01	        0.999900E+02
Magnesium_.mg.	        0.546185E+01	        0.505106E+01	       -0.459257E+00	        0.913838E+01	        0.120053E+02	        0.126515E+02	       -0.107916E+01	        0.309971E+01	        0.140568E+02	        0.999900E+02
Phosphorus_.mg.	        0.779947E+01	        0.166835E+02	        0.245182E+01	        0.952090E+01	        0.385592E+01	        0.321348E+01	       -0.629030E+01	        0.435553E+01	        0.753645E+01	        0.936508E+01	        0.999900E+02
Potassium_.mg.	        0.424696E+01	        0.494100E+01	       -0.121133E+01	        0.683889E+01	        0.917569E+01	        0.113213E+02	       -0.122592E+01	        0.173563E+01	        0.132855E+02	        0.123067E+02	        0.634512E+01	        0.999900E+02
Sodium_.mg.	        0.481988E+01	        0.347642E+01	        0.614476E+01	        0.109933E+02	       -0.293427E+01	       -0.341835E+01	       -0.378849E+01	        0.894946E+01	       -0.555508E+00	       -0.394828E+00	        0.440909E+01	       -0.281710E+01	        0.999900E+02
Zinc_.mg.	        0.748721E+01	        0.123685E+02	        0.305081E+01	        0.556200E+01	        0.287001E+01	        0.216372E+01	       -0.486759E+01	        0.238130E+01	        0.778457E+01	        0.580230E+01	        0.102369E+02	        0.487979E+01	        0.208745E+01	        0.999900E+02
Copper_mg.	        0.381849E+01	        0.393758E+01	       -0.417534E+00	        0.569153E+01	        0.699904E+01	        0.757377E+01	       -0.739801E+00	        0.162060E+01	        0.101095E+02	        0.976251E+01	        0.491597E+01	        0.826071E+01	       -0.424258E+00	        0.505135E+01	        0.999900E+02
Manganese_.mg.	        0.305135E+01	        0.969572E+00	       -0.807699E+00	        0.526848E+01	        0.102413E+02	        0.952810E+01	        0.150559E+00	        0.262325E+01	        0.873073E+01	        0.122714E+02	        0.563247E+01	        0.565985E+01	       -0.914993E+00	        0.289023E+01	        0.557547E+01	        0.999900E+02
Selenium_.µg.	        0.264134E+01	        0.119521E+02	        0.101678E+01	        0.294744E+01	       -0.258245E+01	       -0.326449E+01	       -0.702326E+01	       -0.486865E+00	        0.186419E+01	        0.167547E+01	        0.902540E+01	        0.609193E+00	        0.311805E+01	        0.460036E+01	        0.230896E+01	        0.496152E+00	        0.999900E+02
Vit_C_.mg.	       -0.503008E+01	       -0.757786E+01	       -0.335755E+01	       -0.319099E+01	        0.371616E+00	        0.134719E+01	        0.445827E+01	       -0.225411E+00	       -0.195496E+01	       -0.190560E+01	       -0.658957E+01	       -0.868566E+00	       -0.327707E+01	       -0.520540E+01	       -0.179861E+01	       -0.545721E-01	       -0.592723E+01	        0.999900E+02
Thiamin_.mg.	        0.549695E+01	        0.615459E+01	        0.761854E+00	        0.495925E+01	        0.743916E+01	        0.724630E+01	       -0.154125E+01	        0.463156E+00	        0.947130E+01	        0.961171E+01	        0.845280E+01	        0.902704E+01	       -0.161886E+01	        0.564541E+01	        0.563843E+01	        0.760998E+01	        0.245414E+01	       -0.207132E+01	        0.999900E+02
Riboflavin_.mg.	        0.469216E+01	        0.811513E+01	        0.303353E+01	        0.774202E+01	       -0.347403E+00	        0.337937E+00	       -0.444513E+01	        0.672410E+01	        0.425178E+01	        0.307818E+01	        0.752300E+01	        0.241870E+01	        0.527795E+01	        0.854092E+01	        0.315006E+01	        0.162551E+01	        0.320668E+01	       -0.358719E+01	        0.470739E+01	        0.999900E+02
Niacin_.mg.	        0.451715E+01	        0.115235E+02	        0.259142E+01	        0.116625E+01	       -0.164035E+01	       -0.195420E+01	       -0.570779E+01	       -0.251955E+01	        0.199274E+01	        0.215804E+01	        0.730987E+01	        0.189949E+01	       -0.781898E+00	        0.770061E+01	        0.103385E+01	       -0.384547E+00	        0.847325E+01	       -0.538323E+01	        0.360602E+01	        0.574627E+01	        0.999900E+02
Panto_Acid_mg.	        0.552752E+01	        0.857448E+01	        0.233972E+01	        0.645447E+01	        0.238949E+01	        0.236334E+01	       -0.446337E+01	        0.201300E+01	        0.572461E+01	        0.576652E+01	        0.901497E+01	        0.496685E+01	        0.257752E+01	        0.675314E+01	        0.506292E+01	        0.311709E+01	        0.398317E+01	       -0.410052E+01	        0.710272E+01	        0.727713E+01	        0.615884E+01	        0.999900E+02
Vit_B6_.mg.	        0.351178E+01	        0.986398E+01	        0.225500E+00	        0.312754E+01	        0.127495E+01	        0.320070E+00	       -0.497309E+01	        0.428056E+00	        0.404334E+01	        0.304306E+01	        0.733215E+01	        0.467477E+01	       -0.397977E+00	        0.724934E+01	        0.159289E+01	        0.141968E+01	        0.668901E+01	       -0.330533E+01	        0.528572E+01	        0.584774E+01	        0.111506E+02	        0.556624E+01	        0.999900E+02
Folate_Tot_.µg.	        0.444963E+01	        0.303730E+01	       -0.689253E+00	        0.834296E+01	        0.100680E+02	        0.127979E+02	        0.904836E+00	        0.324568E+01	        0.136015E+02	        0.124555E+02	        0.476971E+01	        0.137834E+02	       -0.662258E+00	        0.396708E+01	        0.856961E+01	        0.612434E+01	       -0.220203E+01	        0.450924E-01	        0.836849E+01	        0.236169E+01	       -0.579153E+00	        0.514149E+01	        0.142067E+01	        0.999900E+02
Food_Folate_.µg.	        0.444963E+01	        0.303730E+01	       -0.689253E+00	        0.834296E+01	        0.100680E+02	        0.127979E+02	        0.904836E+00	        0.324568E+01	        0.136015E+02	        0.124555E+02	        0.476971E+01	        0.137834E+02	       -0.662258E+00	        0.396708E+01	        0.856961E+01	        0.612434E+01	       -0.220203E+01	        0.450924E-01	        0.836849E+01	        0.236169E+01	       -0.579153E+00	        0.514149E+01	        0.142067E+01	        0.119115E+03	        0.999900E+02
Folate_DFE_.µg.	        0.444963E+01	        0.303730E+01	       -0.689253E+00	        0.834296E+01	        0.100680E+02	        0.127979E+02	        0.904836E+00	        0.324568E+01	        0.136015E+02	        0.124555E+02	        0.476971E+01	        0.137834E+02	       -0.662258E+00	        0.396708E+01	        0.856961E+01	        0.612434E+01	       -0.220203E+01	        0.450924E-01	        0.836849E+01	        0.236169E+01	       -0.579153E+00	        0.514149E+01	        0.142067E+01	        0.119115E+03	        0.119115E+03	        0.999900E+02
Choline_Tot_..mg.	        0.501370E+01	        0.185649E+02	        0.144295E+01	        0.414577E+01	       -0.533301E+00	       -0.195568E+00	       -0.799261E+01	       -0.145485E+01	        0.597673E+01	        0.413927E+01	        0.119843E+02	        0.503878E+01	        0.136951E+01	        0.967978E+01	        0.394857E+01	        0.306103E+00	        0.105157E+02	       -0.617007E+01	        0.565959E+01	        0.542900E+01	        0.109562E+02	        0.771321E+01	        0.848227E+01	        0.313350E+01	        0.313350E+01	        0.313350E+01	        0.999900E+02
Vit_B12_.µg.	        0.114780E+01	        0.614874E+01	        0.875137E+00	        0.170947E+01	       -0.326920E+01	       -0.367564E+01	       -0.430671E+01	       -0.271061E+00	        0.265265E+01	       -0.902278E-01	        0.415569E+01	       -0.573709E+00	        0.311308E+01	        0.238296E+01	        0.480563E+00	       -0.773231E-01	        0.789276E+01	       -0.335919E+01	       -0.538475E+00	        0.227245E+01	        0.373917E+01	        0.177842E+01	        0.267683E+01	       -0.195009E+01	       -0.195009E+01	       -0.195009E+01	        0.619824E+01	        0.999900E+02
Vit_A_IU	       -0.107129E+01	       -0.234502E+01	       -0.173627E+00	        0.101209E+01	       -0.267410E+00	        0.181548E+01	        0.220470E+00	        0.436552E+01	        0.902266E+00	        0.126568E+01	       -0.200913E+01	        0.210413E+00	       -0.485131E-01	       -0.180725E+01	        0.301592E+00	        0.318081E+01	       -0.235384E+01	        0.162802E+01	       -0.103694E+01	        0.145898E+01	       -0.156871E+01	       -0.146019E+01	       -0.280262E+00	        0.750398E+00	        0.750398E+00	        0.750398E+00	       -0.241168E+01	       -0.114797E+01	        0.999900E+02
Retinol_.µg.	        0.603575E+01	        0.192248E+01	        0.772440E+01	        0.268432E+01	       -0.194569E+01	       -0.214023E+01	       -0.228604E+01	        0.234129E+01	       -0.127995E+01	       -0.965645E+00	        0.184090E+01	       -0.179416E+01	        0.543867E+01	       -0.130896E-01	       -0.151350E+01	       -0.133941E+01	        0.800334E+00	       -0.211753E+01	       -0.597770E+00	        0.109682E+01	        0.701366E+00	        0.896451E-01	       -0.636444E+00	       -0.108147E+01	       -0.108147E+01	       -0.108147E+01	        0.799970E+00	        0.265572E+01	        0.119283E+01	        0.999900E+02
Alpha_Carot_.µg.	       -0.107083E+01	       -0.171186E+01	       -0.743397E+00	        0.290083E+00	        0.413900E+00	        0.260904E+01	        0.149710E+01	        0.397248E+01	        0.108215E+01	        0.128259E+01	       -0.147244E+01	       -0.250621E+00	       -0.804540E+00	       -0.122077E+01	        0.578096E+00	        0.327595E+01	       -0.171258E+01	        0.153923E+01	       -0.592530E+00	        0.151245E+01	       -0.912985E+00	       -0.142333E+01	        0.340848E+00	        0.843246E-01	        0.843246E-01	        0.843246E-01	       -0.157185E+01	       -0.105068E+01	        0.133498E+02	       -0.612794E+00	        0.999900E+02
Beta_Carot_.µg.	       -0.189209E+01	       -0.259641E+01	       -0.118361E+01	        0.662131E+00	        0.427162E-03	        0.211847E+01	        0.465069E+00	        0.400321E+01	        0.110540E+01	        0.142767E+01	       -0.224712E+01	        0.495513E+00	       -0.773681E+00	       -0.177713E+01	        0.534789E+00	        0.339816E+01	       -0.244617E+01	        0.189941E+01	       -0.940553E+00	        0.132164E+01	       -0.165193E+01	       -0.144147E+01	       -0.163597E+00	        0.930165E+00	        0.930165E+00	        0.930165E+00	       -0.250145E+01	       -0.151828E+01	        0.359057E+02	       -0.803767E+00	        0.132832E+02	        0.999900E+02
Beta_Crypt_.µg.	       -0.190285E+01	       -0.333011E+01	       -0.122450E+01	       -0.202645E+01	        0.322873E+00	        0.341771E-02	        0.493139E+01	       -0.336789E+00	       -0.132730E+01	       -0.148330E+01	       -0.312635E+01	       -0.108364E+01	       -0.148846E+01	       -0.249738E+01	       -0.116727E+01	       -0.934213E+00	       -0.260147E+01	        0.308551E+01	       -0.114330E+01	       -0.186033E+01	       -0.222547E+01	       -0.197867E+01	       -0.233966E+01	       -0.736620E+00	       -0.736620E+00	       -0.736620E+00	       -0.314410E+01	       -0.153412E+01	        0.118608E+01	       -0.848923E+00	        0.353163E+01	        0.107193E+01	        0.999900E+02
Lycopene_.µg.	       -0.742085E+00	       -0.111212E+01	       -0.483049E+00	       -0.664067E+00	       -0.667866E-02	       -0.201655E-01	        0.109999E+01	       -0.150858E+00	       -0.592935E+00	       -0.434558E+00	       -0.842093E+00	       -0.146321E+00	       -0.505551E+00	       -0.789661E+00	       -0.545576E+00	       -0.348749E+00	       -0.815557E+00	        0.933457E+00	       -0.304337E+00	       -0.877659E+00	       -0.684480E+00	       -0.935656E+00	       -0.645193E+00	       -0.250502E+00	       -0.250502E+00	       -0.250502E+00	       -0.911681E+00	       -0.502546E+00	       -0.272475E+00	       -0.297050E+00	       -0.181020E+00	       -0.226039E+00	       -0.246649E+00	        0.999900E+02
Lut.Zea_..µg.	       -0.229354E+01	       -0.259665E+01	       -0.125766E+01	        0.842524E+00	       -0.728367E+00	        0.673864E+00	       -0.110216E+01	        0.238855E+01	        0.114080E+01	        0.120362E+01	       -0.212610E+01	        0.106348E+01	       -0.344763E+00	       -0.169054E+01	       -0.451847E-01	        0.103203E+01	       -0.227478E+01	        0.334525E+01	       -0.544213E+00	        0.582448E+00	       -0.190304E+01	       -0.149014E+01	       -0.840015E+00	        0.105734E+01	        0.105734E+01	        0.105734E+01	       -0.188237E+01	       -0.143445E+01	        0.735064E+01	       -0.841640E+00	        0.464683E+01	        0.753646E+01	        0.108774E+01	       -0.281239E+00	        0.999900E+02
Vit_E_.mg.	        0.208686E+01	        0.473683E+00	        0.283169E+01	        0.173249E+01	       -0.528851E+00	        0.602047E+00	       -0.557613E+00	        0.576253E+00	        0.128810E+01	        0.234431E+01	        0.990951E+00	        0.127318E+01	        0.520287E+00	       -0.731319E+00	        0.252361E+01	        0.190327E+01	        0.468091E+00	        0.720504E+00	        0.885980E+00	       -0.387986E+00	        0.144270E+01	        0.259410E+01	        0.732506E-01	        0.105296E+01	        0.105296E+01	        0.105296E+01	        0.446337E+00	        0.483826E+00	        0.305600E+01	        0.281577E+01	        0.221204E+01	        0.260379E+01	        0.228975E+01	       -0.287288E+00	        0.350905E+01	        0.999900E+02
Vit_D_IU	        0.574947E+00	        0.322377E+01	        0.696514E+00	        0.143838E+00	       -0.228195E+01	       -0.210091E+01	       -0.264678E+01	       -0.115265E+01	       -0.125304E+01	       -0.310198E+00	        0.331510E+01	       -0.719492E-01	       -0.354070E+00	       -0.594782E+00	       -0.127872E+01	       -0.160986E+01	        0.303274E+01	       -0.246416E+01	        0.545847E+00	        0.553289E+00	        0.419345E+01	        0.115602E+01	        0.158907E+01	       -0.135334E+01	       -0.135334E+01	       -0.135334E+01	        0.379989E+01	        0.284215E+01	       -0.394580E+00	        0.471568E+01	       -0.724413E+00	       -0.104757E+01	       -0.105688E+01	       -0.346750E+00	       -0.988707E+00	        0.174208E+01	        0.999900E+02
Vit_K_.µg.	       -0.251081E+01	       -0.285377E+01	       -0.133661E+01	        0.980261E+00	       -0.874521E+00	        0.775039E+00	       -0.137103E+01	        0.255329E+01	        0.121005E+01	        0.109732E+01	       -0.244348E+01	        0.103930E+01	       -0.300855E+00	       -0.183401E+01	       -0.145502E+00	        0.995163E+00	       -0.252523E+01	        0.399571E+01	       -0.703642E+00	        0.421405E+00	       -0.214615E+01	       -0.154957E+01	       -0.106773E+01	        0.115568E+01	        0.115568E+01	        0.115568E+01	       -0.206986E+01	       -0.159745E+01	        0.775991E+01	       -0.909501E+00	        0.486457E+01	        0.795649E+01	        0.165232E+01	       -0.327461E+00	        0.197666E+02	        0.367907E+01	       -0.111905E+01	        0.999900E+02
FA_Mono_.g.	        0.150378E+02	        0.353786E+01	        0.257002E+02	        0.216030E+01	       -0.243629E+01	       -0.162462E+01	       -0.336138E+01	        0.143956E+01	        0.211856E+00	       -0.124425E+00	        0.250578E+01	       -0.628074E+00	        0.398110E+01	        0.354338E+01	        0.646491E-01	       -0.658788E+00	        0.114691E+01	       -0.341346E+01	        0.118755E+01	        0.261712E+01	        0.367473E+01	        0.299401E+01	        0.581583E+00	       -0.575812E+00	       -0.575812E+00	       -0.575812E+00	        0.189377E+01	        0.978717E+00	       -0.567682E+00	        0.584348E+01	       -0.846299E+00	       -0.136456E+01	       -0.117675E+01	       -0.482608E+00	       -0.131580E+01	        0.357283E+01	        0.102291E+01	       -0.140175E+01	        0.999900E+02
FA_Poly_.g.	        0.106269E+02	        0.349905E+01	        0.124611E+02	        0.130433E+01	       -0.635079E+00	        0.329575E+00	       -0.225507E+01	        0.276416E-02	        0.159417E+01	        0.253306E+01	        0.330213E+01	        0.110049E+01	        0.629031E+00	        0.217210E+01	        0.219951E+01	        0.188211E+01	        0.150324E+01	       -0.267921E+01	        0.300131E+01	        0.121511E+01	        0.452256E+01	        0.374437E+01	        0.129328E+01	        0.778116E+00	        0.778116E+00	        0.778116E+00	        0.217200E+01	        0.110867E+01	       -0.439441E+00	        0.200324E+01	       -0.243073E+00	       -0.721242E+00	       -0.110799E+01	       -0.417484E+00	       -0.930723E+00	        0.532582E+01	        0.164243E+01	       -0.107019E+01	        0.167312E+02	        0.999900E+02
Cholestrl_.mg.	        0.789130E+01	        0.920997E+01	        0.955498E+01	        0.298629E+01	       -0.572732E+01	       -0.615731E+01	       -0.717353E+01	        0.898314E+00	       -0.887166E+00	       -0.199994E+01	        0.590343E+01	       -0.228574E+01	        0.718690E+01	        0.567193E+01	        0.154213E+01	       -0.355310E+01	        0.826585E+01	       -0.604726E+01	       -0.285196E+00	        0.494406E+01	        0.557697E+01	        0.339669E+01	        0.308687E+01	       -0.321760E+01	       -0.321760E+01	       -0.321760E+01	        0.860344E+01	        0.445528E+01	       -0.141266E+01	        0.729917E+01	       -0.168836E+01	       -0.237875E+01	       -0.242961E+01	       -0.808964E+00	       -0.230949E+01	        0.117038E+01	        0.268533E+01	       -0.249899E+01	        0.790196E+01	        0.379517E+01	        0.999900E+02
XXCopri-4	2	1
Tableau des valeurs propres
Trace de la matrice:        41.00000
Numéro	Valeur propre	Pourcentage	Pourcentage cumulé
    1	        0.100763E+02	        0.245764E+02	        0.245764E+02
    2	        0.699335E+01	        0.170570E+02	        0.416334E+02
    3	        0.382032E+01	        0.931785E+01	        0.509512E+02
    4	        0.308238E+01	        0.751799E+01	        0.584692E+02
    5	        0.218671E+01	        0.533343E+01	        0.638027E+02
    6	        0.148580E+01	        0.362391E+01	        0.674266E+02
    7	        0.136379E+01	        0.332630E+01	        0.707529E+02
    8	        0.112693E+01	        0.274861E+01	        0.735015E+02
    9	        0.111205E+01	        0.271232E+01	        0.762138E+02
   10	        0.101362E+01	        0.247223E+01	        0.786860E+02
   11	        0.986407E+00	        0.240587E+01	        0.810919E+02
   12	        0.833906E+00	        0.203392E+01	        0.831258E+02
   13	        0.731955E+00	        0.178526E+01	        0.849111E+02
   14	        0.657715E+00	        0.160418E+01	        0.865153E+02
   15	        0.615768E+00	        0.150187E+01	        0.880171E+02
   16	        0.568241E+00	        0.138595E+01	        0.894031E+02
   17	        0.559095E+00	        0.136365E+01	        0.907667E+02
   18	        0.458306E+00	        0.111782E+01	        0.918846E+02
   19	        0.431128E+00	        0.105153E+01	        0.929361E+02
   20	        0.391246E+00	        0.954259E+00	        0.938904E+02
   21	        0.338793E+00	        0.826324E+00	        0.947167E+02
   22	        0.283406E+00	        0.691235E+00	        0.954079E+02
   23	        0.277327E+00	        0.676408E+00	        0.960843E+02
   24	        0.250472E+00	        0.610908E+00	        0.966952E+02
   25	        0.205084E+00	        0.500205E+00	        0.971954E+02
   26	        0.187100E+00	        0.456340E+00	        0.976518E+02
   27	        0.184152E+00	        0.449152E+00	        0.981009E+02
   28	        0.135029E+00	        0.329340E+00	        0.984303E+02
   29	        0.122730E+00	        0.299341E+00	        0.987296E+02
   30	        0.112239E+00	        0.273752E+00	        0.990033E+02
   31	        0.996983E-01	        0.243167E+00	        0.992465E+02
   32	        0.935122E-01	        0.228078E+00	        0.994746E+02
   33	        0.676901E-01	        0.165098E+00	        0.996397E+02
   34	        0.543204E-01	        0.132489E+00	        0.997722E+02
   35	        0.405542E-01	        0.989126E-01	        0.998711E+02
   36	        0.368593E-01	        0.899007E-01	        0.999610E+02
   37	        0.148038E-01	        0.361068E-01	        0.999971E+02
   38	        0.118617E-02	        0.289309E-02	        0.100000E+03
   39	        0.000000E+00	        0.000000E+00	        0.100000E+03
   40	        0.000000E+00	        0.000000E+00	        0.100000E+03
   41	        0.000000E+00	        0.000000E+00	        0.100000E+03
XXCopri-5	1	1
Intervalles laplaciens d'Anderson (seuil: 0.95)
Numéro	Borne inférieure	Valeur propre	Borne supérieure
   1	        0.803932E+01	        0.100763E+02	        0.121134E+02
   2	        0.557959E+01	        0.699335E+01	        0.840712E+01
   3	        0.304801E+01	        0.382032E+01	        0.459263E+01
   4	        0.245925E+01	        0.308238E+01	        0.370551E+01
   5	        0.174465E+01	        0.218671E+01	        0.262877E+01
XXCopri-6	1	0
Variables actives
DTM	1	1
Coordonnées des variables actives
Libellé de la variable	Axe   1	Axe   2	Axe   3	Axe   4	Axe   5
Energ_Kcal	        0.660599E+00	        0.301343E+00	        0.249828E+00	       -0.537726E+00	       -0.125506E+00
Protein_.g.	        0.747588E+00	        0.511370E+00	       -0.102896E+00	        0.271107E+00	       -0.192269E-02
Lipid_Tot_.g.	        0.257260E+00	        0.499729E+00	        0.465307E+00	       -0.623566E+00	       -0.143542E+00
Ash_.g.	        0.709389E+00	       -0.401413E-01	        0.287946E+00	       -0.324382E-01	        0.514387E+00
Carbohydrt_.g.	        0.485768E+00	       -0.629721E+00	       -0.223935E+00	       -0.206011E+00	       -0.266754E-01
Fiber_TD_.g.	        0.514202E+00	       -0.710238E+00	       -0.737196E-01	       -0.164610E+00	       -0.775142E-01
Sugar_Tot_.g.	       -0.350472E+00	       -0.497846E+00	       -0.140152E+00	       -0.298677E+00	       -0.244709E-01
Calcium_.mg.	        0.294365E+00	       -0.945288E-01	        0.539072E+00	       -0.105823E-01	        0.588793E+00
Iron_.mg.	        0.800095E+00	       -0.362992E+00	       -0.436009E-01	        0.710893E-01	       -0.283819E-01
Magnesium_.mg.	        0.786063E+00	       -0.428901E+00	       -0.120612E-01	        0.195582E-02	       -0.555180E-01
Phosphorus_.mg.	        0.822373E+00	        0.279906E+00	       -0.667899E-01	        0.153287E+00	        0.110659E+00
Potassium_.mg.	        0.712190E+00	       -0.431521E+00	       -0.146190E+00	        0.351403E-01	       -0.106050E+00
Sodium_.mg.	        0.198923E+00	        0.396342E+00	        0.411344E+00	       -0.146289E+00	        0.680350E+00
Zinc_.mg.	        0.691853E+00	        0.251160E+00	       -0.802544E-01	        0.118618E+00	        0.306571E-01
Copper_mg.	        0.611845E+00	       -0.277018E+00	       -0.531494E-01	       -0.162161E-01	       -0.363339E-01
Manganese_.mg.	        0.497882E+00	       -0.445388E+00	        0.898000E-01	        0.126609E-01	       -0.914593E-01
Selenium_.µg.	        0.377989E+00	        0.576370E+00	       -0.143511E+00	        0.392719E+00	       -0.276510E-01
Vit_C_.mg.	       -0.380144E+00	       -0.446390E+00	        0.737595E-01	       -0.296236E-01	       -0.412177E-01
Thiamin_.mg.	        0.697402E+00	       -0.189645E+00	       -0.161949E+00	       -0.112705E-01	       -0.190751E+00
Riboflavin_.mg.	        0.530277E+00	        0.243179E+00	        0.247394E+00	        0.228742E+00	        0.262157E+00
Niacin_.mg.	        0.444902E+00	        0.518897E+00	       -0.127349E+00	        0.303984E+00	       -0.402242E+00
Panto_Acid_mg.	        0.657904E+00	        0.164290E+00	       -0.385458E-01	        0.542233E-01	       -0.206064E-01
Vit_B6_.mg.	        0.497352E+00	        0.266686E+00	       -0.119681E+00	        0.413401E+00	       -0.198133E+00
Folate_Tot_.µg.	        0.694697E+00	       -0.575395E+00	       -0.588219E-01	       -0.149557E+00	        0.827589E-01
Food_Folate_.µg.	        0.694697E+00	       -0.575395E+00	       -0.588219E-01	       -0.149557E+00	        0.827589E-01
Folate_DFE_.µg.	        0.694697E+00	       -0.575395E+00	       -0.588219E-01	       -0.149557E+00	        0.827589E-01
Choline_Tot_..mg.	        0.655469E+00	        0.446915E+00	       -0.200657E+00	        0.349895E+00	       -0.132188E+00
Vit_B12_.µg.	        0.189820E+00	        0.439270E+00	       -0.330694E-01	        0.274535E+00	        0.596385E-01
Vit_A_IU	       -0.407000E-01	       -0.319732E+00	        0.752680E+00	        0.350111E+00	       -0.149823E+00
Retinol_.µg.	        0.916784E-01	        0.377190E+00	        0.357074E+00	       -0.319291E+00	        0.108615E+00
Alpha_Carot_.µg.	       -0.354894E-01	       -0.297045E+00	        0.596841E+00	        0.327558E+00	       -0.181305E+00
Beta_Carot_.µg.	       -0.510569E-01	       -0.372467E+00	        0.700400E+00	        0.398025E+00	       -0.162973E+00
Beta_Crypt_.µg.	       -0.228521E+00	       -0.208172E+00	        0.108027E+00	       -0.459900E-01	       -0.128947E+00
Lycopene_.µg.	       -0.751365E-01	       -0.489505E-01	       -0.475399E-01	       -0.467350E-01	        0.171308E-01
Lut.Zea_..µg.	       -0.690141E-01	       -0.320145E+00	        0.567930E+00	        0.349174E+00	       -0.118574E+00
Vit_E_.mg.	        0.144039E+00	       -0.127326E-01	        0.402458E+00	       -0.762383E-01	       -0.385063E+00
Vit_D_IU	        0.780328E-01	        0.314979E+00	       -0.172095E-01	        0.121627E+00	       -0.191417E+00
Vit_K_.µg.	       -0.806109E-01	       -0.338547E+00	        0.585265E+00	        0.350171E+00	       -0.111690E+00
FA_Mono_.g.	        0.275091E+00	        0.487824E+00	        0.407252E+00	       -0.604005E+00	       -0.294728E+00
FA_Poly_.g.	        0.331606E+00	        0.302847E+00	        0.280193E+00	       -0.488817E+00	       -0.516566E+00
Cholestrl_.mg.	        0.278684E+00	        0.783036E+00	        0.209727E+00	       -0.561189E-01	        0.670459E-01
FTM
DTM	1	1
Corrélations des variables actives avec les facteurs
Libellé de la variable	Axe   1	Axe   2	Axe   3	Axe   4	Axe   5
Energ_Kcal	        0.660599E+00	        0.301343E+00	        0.249828E+00	       -0.537726E+00	       -0.125506E+00
Protein_.g.	        0.747588E+00	        0.511370E+00	       -0.102896E+00	        0.271107E+00	       -0.192269E-02
Lipid_Tot_.g.	        0.257260E+00	        0.499729E+00	        0.465307E+00	       -0.623566E+00	       -0.143542E+00
Ash_.g.	        0.709389E+00	       -0.401413E-01	        0.287946E+00	       -0.324382E-01	        0.514387E+00
Carbohydrt_.g.	        0.485768E+00	       -0.629721E+00	       -0.223935E+00	       -0.206011E+00	       -0.266754E-01
Fiber_TD_.g.	        0.514202E+00	       -0.710238E+00	       -0.737196E-01	       -0.164610E+00	       -0.775142E-01
Sugar_Tot_.g.	       -0.350472E+00	       -0.497846E+00	       -0.140152E+00	       -0.298677E+00	       -0.244709E-01
Calcium_.mg.	        0.294365E+00	       -0.945288E-01	        0.539072E+00	       -0.105823E-01	        0.588793E+00
Iron_.mg.	        0.800095E+00	       -0.362992E+00	       -0.436009E-01	        0.710893E-01	       -0.283819E-01
Magnesium_.mg.	        0.786063E+00	       -0.428901E+00	       -0.120612E-01	        0.195582E-02	       -0.555180E-01
Phosphorus_.mg.	        0.822373E+00	        0.279906E+00	       -0.667899E-01	        0.153287E+00	        0.110659E+00
Potassium_.mg.	        0.712190E+00	       -0.431521E+00	       -0.146190E+00	        0.351403E-01	       -0.106050E+00
Sodium_.mg.	        0.198923E+00	        0.396342E+00	        0.411344E+00	       -0.146289E+00	        0.680350E+00
Zinc_.mg.	        0.691853E+00	        0.251160E+00	       -0.802544E-01	        0.118618E+00	        0.306571E-01
Copper_mg.	        0.611845E+00	       -0.277018E+00	       -0.531494E-01	       -0.162161E-01	       -0.363339E-01
Manganese_.mg.	        0.497882E+00	       -0.445388E+00	        0.898000E-01	        0.126609E-01	       -0.914593E-01
Selenium_.µg.	        0.377989E+00	        0.576370E+00	       -0.143511E+00	        0.392719E+00	       -0.276510E-01
Vit_C_.mg.	       -0.380144E+00	       -0.446390E+00	        0.737595E-01	       -0.296236E-01	       -0.412177E-01
Thiamin_.mg.	        0.697402E+00	       -0.189645E+00	       -0.161949E+00	       -0.112705E-01	       -0.190751E+00
Riboflavin_.mg.	        0.530277E+00	        0.243179E+00	        0.247394E+00	        0.228742E+00	        0.262157E+00
Niacin_.mg.	        0.444902E+00	        0.518897E+00	       -0.127349E+00	        0.303984E+00	       -0.402242E+00
Panto_Acid_mg.	        0.657904E+00	        0.164290E+00	       -0.385458E-01	        0.542233E-01	       -0.206064E-01
Vit_B6_.mg.	        0.497352E+00	        0.266686E+00	       -0.119681E+00	        0.413401E+00	       -0.198133E+00
Folate_Tot_.µg.	        0.694697E+00	       -0.575395E+00	       -0.588219E-01	       -0.149557E+00	        0.827589E-01
Food_Folate_.µg.	        0.694697E+00	       -0.575395E+00	       -0.588219E-01	       -0.149557E+00	        0.827589E-01
Folate_DFE_.µg.	        0.694697E+00	       -0.575395E+00	       -0.588219E-01	       -0.149557E+00	        0.827589E-01
Choline_Tot_..mg.	        0.655469E+00	        0.446915E+00	       -0.200657E+00	        0.349895E+00	       -0.132188E+00
Vit_B12_.µg.	        0.189820E+00	        0.439270E+00	       -0.330694E-01	        0.274535E+00	        0.596385E-01
Vit_A_IU	       -0.407000E-01	       -0.319732E+00	        0.752680E+00	        0.350111E+00	       -0.149823E+00
Retinol_.µg.	        0.916784E-01	        0.377190E+00	        0.357074E+00	       -0.319291E+00	        0.108615E+00
Alpha_Carot_.µg.	       -0.354894E-01	       -0.297045E+00	        0.596841E+00	        0.327558E+00	       -0.181305E+00
Beta_Carot_.µg.	       -0.510569E-01	       -0.372467E+00	        0.700400E+00	        0.398025E+00	       -0.162973E+00
Beta_Crypt_.µg.	       -0.228521E+00	       -0.208172E+00	        0.108027E+00	       -0.459900E-01	       -0.128947E+00
Lycopene_.µg.	       -0.751365E-01	       -0.489505E-01	       -0.475399E-01	       -0.467350E-01	        0.171308E-01
Lut.Zea_..µg.	       -0.690141E-01	       -0.320145E+00	        0.567930E+00	        0.349174E+00	       -0.118574E+00
Vit_E_.mg.	        0.144039E+00	       -0.127326E-01	        0.402458E+00	       -0.762383E-01	       -0.385063E+00
Vit_D_IU	        0.780328E-01	        0.314979E+00	       -0.172095E-01	        0.121627E+00	       -0.191417E+00
Vit_K_.µg.	       -0.806109E-01	       -0.338547E+00	        0.585265E+00	        0.350171E+00	       -0.111690E+00
FA_Mono_.g.	        0.275091E+00	        0.487824E+00	        0.407252E+00	       -0.604005E+00	       -0.294728E+00
FA_Poly_.g.	        0.331606E+00	        0.302847E+00	        0.280193E+00	       -0.488817E+00	       -0.516566E+00
Cholestrl_.mg.	        0.278684E+00	        0.783036E+00	        0.209727E+00	       -0.561189E-01	        0.670459E-01
FTM
DTM	1	1
Anciens axes unitaires
Libellé de la variable	Axe   1	Axe   2	Axe   3	Axe   4	Axe   5
Energ_Kcal	        0.208107E+00	        0.113951E+00	        0.127818E+00	       -0.306280E+00	       -0.848730E-01
Protein_.g.	        0.235511E+00	        0.193371E+00	       -0.526439E-01	        0.154418E+00	       -0.130021E-02
Lipid_Tot_.g.	        0.810439E-01	        0.188970E+00	        0.238062E+00	       -0.355173E+00	       -0.970696E-01
Ash_.g.	        0.223477E+00	       -0.151792E-01	        0.147320E+00	       -0.184763E-01	        0.347852E+00
Carbohydrt_.g.	        0.153030E+00	       -0.238125E+00	       -0.114571E+00	       -0.117340E+00	       -0.180391E-01
Fiber_TD_.g.	        0.161988E+00	       -0.268572E+00	       -0.377167E-01	       -0.937592E-01	       -0.524187E-01
Sugar_Tot_.g.	       -0.110408E+00	       -0.188257E+00	       -0.717047E-01	       -0.170122E+00	       -0.165483E-01
Calcium_.mg.	        0.927332E-01	       -0.357455E-01	        0.275801E+00	       -0.602748E-02	        0.398169E+00
Iron_.mg.	        0.252052E+00	       -0.137263E+00	       -0.223072E-01	        0.404912E-01	       -0.191931E-01
Magnesium_.mg.	        0.247632E+00	       -0.162186E+00	       -0.617077E-02	        0.111400E-02	       -0.375438E-01
Phosphorus_.mg.	        0.259070E+00	        0.105845E+00	       -0.341713E-01	        0.873099E-01	        0.748326E-01
Potassium_.mg.	        0.224359E+00	       -0.163177E+00	       -0.747940E-01	        0.200153E-01	       -0.717159E-01
Sodium_.mg.	        0.626663E-01	        0.149874E+00	        0.210453E+00	       -0.833237E-01	        0.460084E+00
Zinc_.mg.	        0.217953E+00	        0.949746E-01	       -0.410600E-01	        0.675628E-01	        0.207317E-01
Copper_mg.	        0.192748E+00	       -0.104753E+00	       -0.271925E-01	       -0.923640E-02	       -0.245707E-01
Manganese_.mg.	        0.156847E+00	       -0.168421E+00	        0.459438E-01	        0.721143E-02	       -0.618490E-01
Selenium_.µg.	        0.119077E+00	        0.217951E+00	       -0.734235E-01	        0.223686E+00	       -0.186989E-01
Vit_C_.mg.	       -0.119756E+00	       -0.168800E+00	        0.377371E-01	       -0.168731E-01	       -0.278733E-01
Thiamin_.mg.	        0.219701E+00	       -0.717130E-01	       -0.828568E-01	       -0.641951E-02	       -0.128995E+00
Riboflavin_.mg.	        0.167052E+00	        0.919565E-01	        0.126572E+00	        0.130288E+00	        0.177282E+00
Niacin_.mg.	        0.140156E+00	        0.196218E+00	       -0.651549E-01	        0.173144E+00	       -0.272014E+00
Panto_Acid_mg.	        0.207258E+00	        0.621253E-01	       -0.197209E-01	        0.308847E-01	       -0.139350E-01
Vit_B6_.mg.	        0.156680E+00	        0.100846E+00	       -0.612316E-01	        0.235466E+00	       -0.133987E+00
Folate_Tot_.µg.	        0.218849E+00	       -0.217582E+00	       -0.300947E-01	       -0.851853E-01	        0.559654E-01
Food_Folate_.µg.	        0.218849E+00	       -0.217582E+00	       -0.300947E-01	       -0.851853E-01	        0.559654E-01
Folate_DFE_.µg.	        0.218849E+00	       -0.217582E+00	       -0.300947E-01	       -0.851853E-01	        0.559654E-01
Choline_Tot_..mg.	        0.206491E+00	        0.168998E+00	       -0.102661E+00	        0.199294E+00	       -0.893918E-01
Vit_B12_.µg.	        0.597984E-01	        0.166107E+00	       -0.169191E-01	        0.156371E+00	        0.403303E-01
Vit_A_IU	       -0.128216E-01	       -0.120905E+00	        0.385088E+00	        0.199417E+00	       -0.101317E+00
Retinol_.µg.	        0.288812E-01	        0.142632E+00	        0.182687E+00	       -0.181863E+00	        0.734506E-01
Alpha_Carot_.µg.	       -0.111801E-01	       -0.112326E+00	        0.305357E+00	        0.186571E+00	       -0.122607E+00
Beta_Carot_.µg.	       -0.160843E-01	       -0.140846E+00	        0.358341E+00	        0.226708E+00	       -0.110210E+00
Beta_Crypt_.µg.	       -0.719904E-01	       -0.787189E-01	        0.552693E-01	       -0.261951E-01	       -0.871998E-01
Lycopene_.µg.	       -0.236701E-01	       -0.185103E-01	       -0.243225E-01	       -0.266195E-01	        0.115846E-01
Lut.Zea_..µg.	       -0.217413E-01	       -0.121061E+00	        0.290566E+00	        0.198884E+00	       -0.801850E-01
Vit_E_.mg.	        0.453762E-01	       -0.481474E-02	        0.205907E+00	       -0.434240E-01	       -0.260397E+00
Vit_D_IU	        0.245825E-01	        0.119107E+00	       -0.880477E-02	        0.692767E-01	       -0.129445E+00
Vit_K_.µg.	       -0.253947E-01	       -0.128020E+00	        0.299435E+00	        0.199452E+00	       -0.755301E-01
FA_Mono_.g.	        0.866612E-01	        0.184468E+00	        0.208360E+00	       -0.344031E+00	       -0.199308E+00
FA_Poly_.g.	        0.104465E+00	        0.114520E+00	        0.143353E+00	       -0.278422E+00	       -0.349325E+00
Cholestrl_.mg.	        0.877933E-01	        0.296101E+00	        0.107301E+00	       -0.319644E-01	        0.453395E-01
FTM
XXCopri-7	1	0
Variables illustatives
DTM	1	1
Coordonnées des variables illustratives
Libellé de la variable	Axe   1	Axe   2	Axe   3	Axe   4	Axe   5
Water_.g.	       -0.834983E+00	       -0.278433E-01	       -0.646121E-01	        0.382349E+00	        0.783089E-01
FA_Sat_.g.	        0.173614E+00	        0.463238E+00	        0.478160E+00	       -0.574699E+00	        0.104653E+00
FTM
DTM	1	1
Corrélations des variables illustratives avec les facteurs
Libellé de la variable	Axe   1	Axe   2	Axe   3	Axe   4	Axe   5
Water_.g.	       -0.834983E+00	       -0.278433E-01	       -0.646121E-01	        0.382349E+00	        0.783089E-01
FA_Sat_.g.	        0.173614E+00	        0.463238E+00	        0.478160E+00	       -0.574699E+00	        0.104653E+00
FTM
XXCopri-11	1	1
Coordonnées des modalités illustratives
Libellé	Effectif	Poids absolu   	Distance à l'origine 	Axe   1	Axe   2	Axe   3	Axe   4	Axe   5
DTM	1	0
FdGrp_Desc
Beef Products	        0.700000E+01	        0.700000E+01	        0.202913E+02	        0.142373E+01	        0.282624E+01	       -0.816670E+00	        0.160724E+01	       -0.356283E+00
Cereal Grains and Pa	        0.400000E+01	        0.400000E+01	        0.687868E+02	        0.541961E+01	       -0.210622E+01	       -0.132177E+01	       -0.360969E+00	       -0.104439E+01
Dairy and Egg Produc	        0.900000E+01	        0.900000E+01	        0.462316E+02	        0.129299E+01	        0.325172E+01	        0.356179E+01	       -0.274389E+01	        0.350021E+01
Finfish and Shellfis	        0.380000E+02	        0.380000E+02	        0.106172E+02	        0.798467E+00	        0.245968E+01	       -0.392532E+00	        0.113433E+01	        0.697436E-02
Fruits and Fruit Jui	        0.410000E+02	        0.410000E+02	        0.123788E+02	       -0.287108E+01	       -0.143951E+01	       -0.606578E+00	       -0.946116E+00	       -0.168255E+00
Lamb, Veal, and Game	        0.110000E+02	        0.110000E+02	        0.190694E+02	        0.180310E+01	        0.311202E+01	       -0.375961E+00	        0.763434E+00	       -0.575322E+00
Legumes and Legume P	        0.800000E+01	        0.800000E+01	        0.160831E+03	        0.110781E+02	       -0.552331E+01	       -0.131518E+01	       -0.182229E+01	       -0.313137E+00
Pork Products	        0.500000E+01	        0.500000E+01	        0.268599E+02	        0.201132E+01	        0.313912E+01	       -0.629373E-01	       -0.285121E+00	       -0.177041E+01
Poultry Products	        0.600000E+01	        0.600000E+01	        0.143029E+02	        0.110839E+01	        0.298068E+01	        0.228558E+00	       -0.405275E+00	       -0.107364E+01
Vegetables and Veget	        0.600000E+02	        0.600000E+02	        0.552395E+01	       -0.135124E+01	       -0.164496E+01	        0.538898E+00	        0.343536E+00	        0.988426E-01
FTM
DTM	1	0
Rec_Water_.g.
< 17.700	        0.140000E+02	        0.140000E+02	        0.782872E+02	        0.791600E+01	       -0.295226E+01	       -0.249838E+00	       -0.226948E+01	       -0.471856E+00
[17.700;33.700[	        0.100000E+01	        0.100000E+01	        0.138893E+03	        0.132621E+01	        0.479133E+01	        0.360603E+01	       -0.729557E+01	       -0.488802E+01
[33.700;49.700[	        0.600000E+01	        0.600000E+01	        0.380555E+02	        0.208078E+01	        0.366411E+01	        0.283749E+01	       -0.258282E+01	        0.162159E+01
[49.700;65.700[	        0.100000E+02	        0.100000E+02	        0.124897E+02	        0.182595E+01	        0.263417E+01	        0.683620E+00	       -0.761251E-01	        0.477586E+00
[65.700;81.700[	        0.690000E+02	        0.690000E+02	        0.349063E+01	        0.680514E+00	        0.136673E+01	       -0.330229E+00	        0.922920E+00	       -0.188350E+00
>= 81.700	        0.890000E+02	        0.890000E+02	        0.610834E+01	       -0.213315E+01	       -0.119203E+01	       -0.132990E-01	       -0.938772E-01	        0.112188E+00
FTM
DTM	1	0
Rec_FA_Sat_.g.
< 5.944	        0.173000E+03	        0.173000E+03	        0.324176E+00	       -0.225822E+00	       -0.340348E+00	       -0.257808E+00	        0.277686E+00	       -0.398050E-01
[5.944;11.883[	        0.500000E+01	        0.500000E+01	        0.340497E+02	        0.363302E+01	        0.281526E+01	        0.750105E+00	       -0.144509E+01	       -0.214773E+01
[11.883;17.821[	        0.600000E+01	        0.600000E+01	        0.350678E+02	        0.210736E+01	        0.357580E+01	        0.259800E+01	       -0.225751E+01	        0.158382E+01
[17.821;23.760[	        0.300000E+01	        0.300000E+01	        0.724627E+02	        0.257896E+01	        0.402315E+01	        0.431716E+01	       -0.383956E+01	        0.268177E+01
>= 23.760	        0.200000E+01	        0.200000E+01	        0.156684E+03	        0.260535E+00	        0.563986E+01	        0.615538E+01	       -0.787526E+01	        0.383371E-01
FTM
XXCopri-12	1	1
Valeurs-Tests des modalités illustratives
Libellé	Effectif	Poids absolu   	Distance à l'origine 	Axe   1	Axe   2	Axe   3	Axe   4	Axe   5
DTM	1	0
FdGrp_Desc
Beef Products	        0.700000E+01	        0.700000E+01	        0.202913E+02	        0.120606E+01	        0.287382E+01	       -0.112354E+01	        0.246168E+01	       -0.647877E+00
Cereal Grains and Pa	        0.400000E+01	        0.400000E+01	        0.687868E+02	        0.344223E+01	       -0.160578E+01	       -0.136342E+01	       -0.414524E+00	       -0.142394E+01
Dairy and Egg Produc	        0.900000E+01	        0.900000E+01	        0.462316E+02	        0.124884E+01	        0.376994E+01	        0.558704E+01	       -0.479168E+01	        0.725709E+01
Finfish and Shellfis	        0.380000E+02	        0.380000E+02	        0.106172E+02	        0.173016E+01	        0.639760E+01	       -0.138136E+01	        0.444405E+01	        0.324408E-01
Fruits and Fruit Jui	        0.410000E+02	        0.410000E+02	        0.123788E+02	       -0.652730E+01	       -0.392836E+01	       -0.223963E+01	       -0.388903E+01	       -0.821130E+00
Lamb, Veal, and Game	        0.110000E+02	        0.110000E+02	        0.190694E+02	        0.193613E+01	        0.401111E+01	       -0.655630E+00	        0.148216E+01	       -0.132611E+01
Legumes and Legume P	        0.800000E+01	        0.800000E+01	        0.160831E+03	        0.100600E+02	       -0.602062E+01	       -0.193963E+01	       -0.299199E+01	       -0.610414E+00
Pork Products	        0.500000E+01	        0.500000E+01	        0.268599E+02	        0.143214E+01	        0.268300E+01	       -0.727802E-01	       -0.367064E+00	       -0.270603E+01
Poultry Products	        0.600000E+01	        0.600000E+01	        0.143029E+02	        0.866899E+00	        0.279835E+01	        0.290319E+00	       -0.573107E+00	       -0.180256E+01
Vegetables and Veget	        0.600000E+02	        0.600000E+02	        0.552395E+01	       -0.398054E+01	       -0.581664E+01	        0.257820E+01	        0.182974E+01	        0.625041E+00
FTM
DTM	1	0
Rec_Water_.g.
< 17.700	        0.140000E+02	        0.140000E+02	        0.782872E+02	        0.967115E+01	       -0.432948E+01	       -0.495715E+00	       -0.501311E+01	       -0.123748E+01
[17.700;33.700[	        0.100000E+01	        0.100000E+01	        0.138893E+03	        0.417793E+00	        0.181181E+01	        0.184493E+01	       -0.415543E+01	       -0.330550E+01
[33.700;49.700[	        0.600000E+01	        0.600000E+01	        0.380555E+02	        0.162744E+01	        0.343997E+01	        0.360423E+01	       -0.365242E+01	        0.272254E+01
[49.700;65.700[	        0.100000E+02	        0.100000E+02	        0.124897E+02	        0.186419E+01	        0.322815E+01	        0.113349E+01	       -0.140520E+00	        0.104667E+01
[65.700;81.700[	        0.690000E+02	        0.690000E+02	        0.349063E+01	        0.222894E+01	        0.537344E+01	       -0.175662E+01	        0.546555E+01	       -0.132429E+01
>= 81.700	        0.890000E+02	        0.890000E+02	        0.610834E+01	       -0.869246E+01	       -0.583066E+01	       -0.880122E-01	       -0.691658E+00	        0.981353E+00
FTM
DTM	1	0
Rec_FA_Sat_.g.
< 5.944	        0.173000E+03	        0.173000E+03	        0.324176E+00	       -0.320743E+01	       -0.580261E+01	       -0.594687E+01	        0.713104E+01	       -0.121362E+01
[5.944;11.883[	        0.500000E+01	        0.500000E+01	        0.340497E+02	        0.258685E+01	        0.240619E+01	        0.867416E+00	       -0.186041E+01	       -0.328277E+01
[11.883;17.821[	        0.600000E+01	        0.600000E+01	        0.350678E+02	        0.164822E+01	        0.335706E+01	        0.330004E+01	       -0.319238E+01	        0.265913E+01
[17.821;23.760[	        0.300000E+01	        0.300000E+01	        0.724627E+02	        0.141474E+01	        0.264915E+01	        0.384619E+01	       -0.380821E+01	        0.315798E+01
>= 23.760	        0.200000E+01	        0.200000E+01	        0.156684E+03	        0.116382E+00	        0.302412E+01	        0.446558E+01	       -0.636055E+01	        0.367619E-01
FTM
ZZF
EOF
